16373
255
255
255
255
255
255
255
255
255
255
255
255
150
81
127
102
15
134
156
221
1
48
128
66
24
117
175
157
174
157
255
255
255
255
255
255
255
255
255
255
255
255
220
11
47
156
115
70
91
162
197
71
86
89
110
133
72
54
124
236
255
255
255
255
255
255
255
255
255
255
255
255
156
73
113
32
19
42
32
252
2
110
31
92
167
45
214
154
197
176
255
255
255
255
255
255
255
255
255
255
255
255
30
63
59
223
157
239
72
227
13
242
108
242
82
6
188
119
96
8
214
108
87
4
64
48
202
113
140
185
228
59
191
12
77
32
113
43
9
32
87
206
98
14
128
213
167
140
61
61
149
118
165
113
85
30
23
67
102
56
97
187
189
150
64
255
255
255
255
255
255
255
255
255
255
255
255
255
255
255
210
39
220
142
120
104
191
213
84
165
215
66
12
121
227
255
255
255
255
255
255
255
255
255
255
255
255
255
255
255
21
44
98
62
157
183
120
121
92
114
223
61
132
88
119
255
255
255
255
255
255
255
255
255
255
255
255
255
255
255
78
108
62
118
150
42
65
185
237
11
52
29
63
68
5
255
255
255
255
255
255
255
255
255
255
255
255
255
255
255
154
88
14
78
216
12
231
34
126
236
14
150
160
79
205
255
255
255
255
255
255
255
255
255
255
255
255
255
255
255
