16376
255
255
255
255
255
255
255
255
255
255
255
255
156
4
249
197
72
48
109
137
164
71
195
57
37
18
248
126
195
98
255
255
255
255
255
255
255
255
255
255
255
255
92
87
16
10
52
144
165
198
44
68
206
149
14
93
4
129
33
37
255
255
255
255
255
255
255
255
255
255
255
255
133
221
129
27
123
89
202
179
0
1
136
149
156
82
243
237
199
92
255
255
255
255
255
255
255
255
255
255
255
255
205
94
129
174
231
69
231
252
131
84
10
224
66
29
168
33
243
153
56
237
40
26
65
174
188
133
137
251
227
183
2
12
202
142
179
122
220
23
136
215
17
171
116
166
81
106
214
193
98
20
108
117
191
125
95
90
60
193
22
61
154
218
126
255
255
255
255
255
255
255
255
255
255
255
255
255
255
255
0
62
1
237
219
117
166
151
12
142
197
93
113
225
251
255
255
255
255
255
255
255
255
255
255
255
255
255
255
255
205
224
68
124
30
244
104
14
78
236
54
23
54
78
61
255
255
255
255
255
255
255
255
255
255
255
255
255
255
255
8
0
251
136
236
229
221
216
128
99
209
191
93
198
9
255
255
255
255
255
255
255
255
255
255
255
255
255
255
255
185
47
188
226
90
131
211
183
235
101
239
100
83
60
38
255
255
255
255
255
255
255
255
255
255
255
255
255
255
255
