16379
255
255
255
255
255
255
255
255
255
255
255
255
55
142
2
139
210
106
167
151
189
115
106
44
130
62
34
216
2
147
255
255
255
255
255
255
255
255
255
255
255
255
136
170
5
126
9
50
198
80
114
219
198
195
161
147
40
92
248
236
255
255
255
255
255
255
255
255
255
255
255
255
214
114
180
218
24
124
133
29
16
210
138
54
38
11
15
183
151
191
255
255
255
255
255
255
255
255
255
255
255
255
101
132
228
87
243
144
25
81
28
147
25
56
184
210
134
244
219
0
23
144
185
177
222
233
73
146
71
4
9
152
100
37
195
151
40
126
78
20
176
5
24
124
233
201
3
214
173
134
173
54
208
118
149
179
218
235
58
28
22
250
38
135
139
255
255
255
255
255
255
255
255
255
255
255
255
255
255
255
37
136
238
193
41
154
119
159
25
231
219
52
151
152
236
255
255
255
255
255
255
255
255
255
255
255
255
255
255
255
241
53
212
194
4
105
44
68
74
93
66
198
149
164
242
255
255
255
255
255
255
255
255
255
255
255
255
255
255
255
145
18
132
193
67
29
186
230
111
139
131
101
76
31
127
255
255
255
255
255
255
255
255
255
255
255
255
255
255
255
35
206
124
145
100
101
234
241
133
128
91
151
236
127
0
255
255
255
255
255
255
255
255
255
255
255
255
255
255
255
